Magnet_no Magnet_name Xmax     Xbound   Ymax     Ybound
0         Q1          33.69    45.0     20.89    40.0
1         Q2          65.28    70.0     12.19    51.0
2         B1          79.83    120.0    6.85     30.0
3         B2          92.25    120.0    9.50     30.0
4         HEX1        90.98    120.0    20.38    71.0
5         Q3          75.59    110.0    29.06    71.0
6         Q4          29.64    73.0     41.82    63.0
7         Q5          23.92    51.0     33.04    51.0
8         B3          37.55    78.0     33.96    52.0
9         B4          79.41    78.0     28.12    52.0
10        HEX2        102.70   120.0    21.67    51.0
11        Q6          127.74   140.0    12.91    55.0
12        Q7          114.56   140.0    11.68    55.0
13        HEX3        47.53    82.5     8.19     57.5
14        OCT1        36.71    51.0     10.26    51.0
15        Q8          26.71    50.0     21.83    50.0
16        Q9          47.37    60.0     13.27    45.0
17        B5          22.26    74.0     13.33    33.0
18        B6          23.90    74.0     14.27    33.0
19        Q10         60.21    90.0     11.56    48.0
20        Q11         91.80    120.0    11.91    45.5
21        Q12         8.17     70.0     61.10    70.0
22        Q13         16.21    50.0     31.90    50.0
23        B7          8.12     65.0     20.03    30.0
24        B8          42.18    65.0     9.14     30.0
25        Q14         46.60    50.0     7.95     50.0
26        Q15         22.26    50.0     10.79    50.0
